id,class1_prob,class2_prob,class3_prob,class4_prob,class5_prob,class6_prob,class8_prob,class9_prob,class10_prob,class11_prob,label
b001c1_0080,0.291355,3.12132e-09,3.19564e-06,6.6358e-05,0.00211861,9.89497e-05,0.70298,0.00328816,8.91975e-05,4.73938e-07,6
b001c1_0102,0.799424,8.25866e-08,7.43521e-05,0.000213184,0.00727662,0.000680599,0.190655,0.00118557,0.000490274,5.63451e-07,0
b001c1_0113,0.708298,0.052722,0.00296977,0.0774223,0.080117,0.0189871,0.0511049,0.00532782,0.00298723,6.44934e-05,0
b001c1_0119,0.842859,0.0264316,4.76596e-06,0.00841007,0.00581822,0.00148354,0.110226,0.00476076,4.15421e-06,1.89298e-06,0
b001c1_0120,0.368315,0.067485,1.92813e-05,0.0372823,0.0792741,0.036975,0.332105,0.0785285,1.25877e-05,3.19549e-06,0
b001c1_0138,0.590284,8.06044e-06,0.000159758,0.0010114,0.0411685,0.00076056,0.362464,0.0041306,1.33715e-05,6.83478e-09,0
b001c1_0140,0.794699,4.3747e-08,3.36796e-05,0.000191937,0.0104116,5.95752e-05,0.193433,0.0011411,3.0348e-05,2.61338e-09,0
b001c1_0152,0.0142144,0.0132903,0.000684759,0.00966837,0.00209403,0.00247308,0.955555,0.00100267,0.00100949,7.74145e-06,6
b001c1_0157,0.715901,5.78615e-06,9.6814e-07,0.000665769,0.00026698,4.37545e-05,0.282414,3.78611e-05,0.000661973,2.07487e-06,0
b001c1_0158,0.821398,7.308e-07,4.82578e-07,5.33701e-05,5.0885e-05,2.3935e-06,0.178418,5.08346e-06,7.09912e-05,9.44063e-08,0
b001c1_0159,0.903124,4.35295e-06,2.6211e-07,0.00019,0.000176525,5.02096e-06,0.096417,8.93442e-06,7.27346e-05,7.73364e-07,0
b001c1_0175,0.952418,2.31396e-06,2.47228e-06,0.000313149,0.000472278,0.000463436,0.0459611,0.000134401,0.000231549,1.5151e-06,0
b001c1_0181,0.711648,2.64414e-07,1.6712e-06,0.000424456,0.000414481,0.000254703,0.286656,0.00042228,0.000177766,2.62502e-08,0
b001c1_0184,0.604086,2.56086e-07,1.03233e-05,0.000821381,0.00397145,0.000573746,0.387053,0.00261962,0.000864151,3.94266e-07,0
b001c1_0189,0.728444,2.10978e-05,7.58524e-05,0.00131919,0.0289758,0.00422711,0.220157,0.0165717,0.000207085,7.0914e-07,0
b001c1_0191,0.448531,0.000673632,0.00047603,0.00179649,0.0128643,0.0076909,0.50022,0.0271001,0.000647659,5.49948e-07,6
b001c1_0194,0.469594,0.000407561,0.000348765,0.00140535,0.0169442,0.00595567,0.488563,0.0146247,0.00215704,4.81925e-07,6
b001c1_0195,0.40621,0.00041841,0.000442955,0.00149499,0.0162464,0.0032462,0.552081,0.0178889,0.0019709,6.82773e-07,6
b001c1_0202,0.725515,3.05265e-07,6.54909e-06,1.88613e-05,9.98763e-05,8.2754e-06,0.27421,3.60485e-05,0.000104709,4.56044e-08,0
b001c1_0203,0.825083,6.74581e-07,7.5663e-07,4.03041e-05,0.000324694,9.94727e-06,0.174338,5.87604e-05,0.000143064,9.57177e-08,0
b001c1_0206,0.704936,6.04522e-06,3.36271e-06,0.000162957,0.000724443,2.50971e-05,0.293754,0.000101374,0.000286867,7.98921e-07,0
b001c1_0209,0.7431,2.28478e-05,1.12713e-05,0.000116471,0.000701014,4.76336e-05,0.255156,0.00018137,0.000662291,2.6254e-07,0
b001c1_0210,0.803552,1.99043e-05,2.53221e-05,0.00011956,0.000877777,8.22656e-05,0.194062,0.000376503,0.000884746,3.53856e-07,0
b001c1_0215,0.348401,0.00839155,0.00484642,0.011787,0.0148522,0.00412977,0.586306,0.0105239,0.0106596,0.000103043,6
b002c1_0014,0.886686,5.52798e-08,3.03308e-05,0.000740901,0.0186673,0.000129671,0.083897,0.0092712,0.000577804,1.46811e-08,0
b002c1_0019,0.99363,5.62582e-10,1.97351e-05,1.88817e-05,0.000250497,2.05466e-05,0.00593425,0.000112764,1.3504e-05,5.99972e-08,0
b002c1_0021,0.960784,2.97669e-08,0.000147243,0.000150116,0.0114313,7.16592e-05,0.0245225,0.00252101,0.000371784,1.68105e-07,0
b002c1_0031,0.985319,2.11802e-08,1.01216e-06,5.17924e-05,0.00123079,1.65258e-05,0.0120236,0.00135556,1.54696e-06,6.71102e-09,0
b002c1_0038,0.916772,3.60604e-07,1.86958e-05,0.000565723,0.00261655,0.000374137,0.07609,0.00311079,0.00045151,7.27688e-07,0
b002c1_0044,0.603388,0.000241207,0.000186689,0.00227568,0.0432867,0.0104904,0.0176111,0.319816,0.00268163,2.29675e-05,0
b002c1_0054,0.111479,2.22233e-06,2.1214e-05,0.0241584,0.0105034,0.0149358,0.422364,0.415077,0.00145824,7.64408e-07,6
b002c1_0058,0.494492,4.09973e-06,5.69674e-06,0.00583659,0.0400886,0.00216,0.401859,0.0551186,0.000434788,1.42657e-09,0
b002c1_0060,0.504419,3.25538e-06,3.14109e-05,0.00228442,0.0197772,0.00123499,0.441409,0.0307202,0.000120709,2.71542e-09,0
b002c1_0063,0.087036,1.32645e-06,2.25809e-05,0.00405675,0.013674,0.00236395,0.853939,0.0387542,0.000152545,4.36596e-09,6
b002c1_0067,0.247206,2.28767e-06,1.21944e-06,0.00450331,0.0518537,0.00121104,0.629384,0.0654892,0.000349708,1.50575e-09,6
b003c1_0013,0.664858,0.00289123,0.00190373,0.0890585,0.0308572,0.00973257,0.192693,0.00199992,0.00588686,0.000118483,0
b003c1_0015,0.247134,0.0213712,0.00263351,0.319734,0.141323,0.0300875,0.18912,0.0398947,0.00846377,0.000237654,3
b003c1_0023,0.0777332,0.0162013,0.0127741,0.2371,0.166758,0.103645,0.0262858,0.359029,0.000367926,0.000106183,7
b003c1_0024,0.160539,0.0546225,0.0691663,0.245703,0.100902,0.125713,0.0144331,0.223512,0.00446248,0.000946212,3
b003c1_0032,0.00024543,0.000148422,0.000861717,0.216957,0.204129,0.515065,0.00144311,0.0592597,0.0018908,2.08128e-08,5
b003c1_0040,0.00221388,0.000309071,0.00445198,0.115024,0.0467742,0.480385,0.0659094,0.00934568,0.275587,1.00101e-07,5
b003c1_0055,0.501145,4.27315e-06,0.000116739,0.00544794,0.013963,0.00712713,0.467312,0.000441145,0.00444025,2.0112e-06,0
b003c1_0065,0.167555,2.19522e-05,1.97721e-05,0.0364346,0.366769,0.108939,0.30551,0.00427508,0.0104699,5.3164e-06,4
b003c1_0077,0.158475,0.000168102,9.40368e-06,0.0248184,0.308585,0.347432,0.106349,0.0243976,0.0297639,8.85634e-07,5
b003c1_0080,0.841798,0.0018906,8.14767e-05,0.033012,0.0337922,0.0431362,0.0411921,0.00304988,0.00204754,2.55278e-07,0
b003c1_0085,0.409182,0.00201006,0.00087811,0.157908,0.218419,0.156326,0.0447113,0.00411422,0.00644217,9.91212e-06,0
b003c1_0087,0.530401,0.00109717,0.00019149,0.0711353,0.291922,0.037531,0.063311,0.00197617,0.00238668,4.90503e-05,0
b003c1_0090,0.417893,0.00471598,3.79481e-05,0.140046,0.32171,0.0717515,0.0299608,0.00306737,0.0108162,1.17174e-06,0
b003c1_0091,0.557697,0.00117426,0.000130414,0.076301,0.25295,0.073795,0.0300064,0.00535972,0.002584,2.04402e-06,0
b003c1_0100,0.348291,0.00141266,0.00152775,0.126868,0.476458,0.0173437,0.0252687,0.00186009,0.00092688,4.33112e-05,4
b003c1_0102,0.370461,0.0128512,0.0033541,0.0801472,0.420098,0.0111504,0.0980162,0.00330233,0.000511343,0.000107913,4
b004c1_0007,0.190596,8.85215e-05,0.000988458,0.0283687,0.0170295,0.0936569,0.212716,0.442591,0.0136274,0.000337602,7
b004c1_0011,0.430362,1.01593e-05,0.000195302,0.00704183,0.02313,0.00612941,0.489044,0.0387329,0.00528918,6.45187e-05,6
b004c1_0012,0.43659,1.35974e-05,0.000249512,0.00784503,0.0337055,0.0351667,0.338999,0.13975,0.00751001,0.000170678,0
b004c1_0015,0.481987,3.16508e-06,3.26056e-05,0.00152279,0.001263,0.02021,0.405419,0.0857425,0.00381663,3.42171e-06,0
b004c1_0025,0.366385,9.71549e-06,0.000539744,0.00232004,0.0037294,0.0618441,0.19449,0.363499,0.00709711,8.5384e-05,0
b004c1_0029,0.782919,2.24383e-08,2.84303e-05,0.000319286,0.00119217,0.00701517,0.10611,0.101744,0.000671703,1.67346e-09,0
b004c1_0030,0.808171,5.80589e-09,5.9845e-06,0.000644567,0.00104061,0.00624546,0.0317021,0.151988,0.000202719,1.99814e-10,0
b004c1_0031,0.958598,1.34934e-09,1.21108e-06,0.000116958,0.000184363,0.00191585,0.0167711,0.0222842,0.000128324,1.49406e-09,0
b004c1_0040,0.520235,7.26261e-09,0.000291738,0.00029445,0.000329559,0.00481133,0.450297,0.0220207,0.00172088,1.01314e-07,0
b004c1_0042,0.369879,1.75537e-09,9.93523e-05,0.000136082,0.000170865,0.00120279,0.59253,0.032061,0.00392137,4.4288e-08,6
b004c1_0045,0.121327,6.78489e-09,8.35281e-05,6.41175e-05,0.000239037,0.000787801,0.857088,0.0192644,0.00114663,1.74486e-08,6
b005c1_0007,0.000128918,1.74961e-07,8.51098e-09,0.000285705,0.000450768,9.90664e-05,0.997775,0.00112596,0.000134368,7.37472e-08,6
c001c1_0032,0.886319,3.17981e-08,0.000786547,0.00024736,6.05968e-06,0.080557,0.0112528,0.0206852,1.9179e-07,0.000145423,0
c001c1_0034,0.974511,5.79704e-09,0.00100386,4.27227e-05,1.47404e-06,0.0151798,0.00631404,0.00292725,2.65554e-08,2.01101e-05,0
c001c1_0044,0.992614,7.25111e-08,6.42526e-05,0.000116027,2.03084e-05,0.000269474,0.00503483,0.00188075,1.89822e-07,3.64269e-07,0
c001c1_0045,0.998345,4.85085e-08,8.26416e-06,0.000148662,9.16161e-06,7.82942e-05,0.00114471,0.000265658,1.06419e-07,8.89413e-08,0
c001c1_0055,0.221802,3.0281e-07,0.00717639,0.0633779,0.00038634,0.405699,0.17874,0.122585,0.00012589,0.000106381,5
c001c1_0056,0.321456,2.82209e-09,0.00716849,0.0765626,9.24296e-05,0.0999193,0.487314,0.00739264,7.36422e-05,2.07255e-05,6
c001c1_0061,0.310446,1.3391e-08,0.000611648,0.0315829,0.000200288,0.0131783,0.621454,0.022089,0.000227325,0.00021086,6
c001c1_0062,0.329516,7.8948e-08,0.024854,0.0598157,0.000224673,0.223068,0.316491,0.0456807,7.7579e-05,0.000272437,0
c001c1_0064,0.24014,1.33794e-10,0.000306438,0.00599232,5.67827e-05,0.00199279,0.747381,0.00404119,1.44088e-05,7.58285e-05,6
c001c1_0066,0.475454,1.22522e-09,0.00133352,0.0105016,0.00313815,0.00342548,0.47774,0.0282265,1.08222e-05,0.000170482,6
c003c1_0013,0.850855,3.74117e-07,0.00677857,0.00425784,0.000790582,0.0114365,0.0855754,0.0386082,0.000505743,0.00119186,0
c003c1_0014,0.36421,6.3266e-05,0.0886723,0.0404892,0.0174813,0.0413909,0.195984,0.209188,0.0130691,0.0294515,0
c003c1_0017,0.967164,5.65145e-10,0.000918436,3.87799e-05,5.75899e-06,0.000215705,0.028697,0.0027667,7.84074e-07,0.000193282,0
c003c1_0023,0.868599,5.43302e-07,0.0149066,0.00610741,0.00107937,0.00538332,0.0181878,0.0837683,0.000135355,0.00183191,0
c003c1_0025,0.875457,2.74518e-07,0.0124818,0.00429605,0.00130758,0.00565615,0.03577,0.0599576,0.000259907,0.00481321,0
c003c1_0026,0.903319,2.28006e-08,0.0064647,0.00180615,0.000697724,0.00390334,0.0155491,0.0658678,4.63816e-05,0.00234616,0
c003c1_0027,0.934479,4.18482e-08,0.00380612,0.00147396,0.000768649,0.00228122,0.0116363,0.04361,4.40592e-05,0.00190079,0
c003c1_0034,0.972722,1.23328e-10,0.00449166,0.000441259,0.000167075,0.000125836,0.0105961,0.0113575,9.65165e-06,8.86181e-05,0
c003c1_0045,0.919091,9.30115e-11,0.0165222,0.00205372,0.000329852,4.40382e-05,0.0607786,0.00116241,1.62773e-05,1.74728e-06,0
c004c1_0006,0.00961961,0.00172679,0.0299866,0.0951602,0.2684,0.121531,0.0199365,0.394236,0.0465296,0.012874,7
c004c1_0011,0.575297,2.28956e-06,0.00464787,0.00179087,0.0064601,0.0141036,0.0252048,0.371881,0.000158297,0.000454264,0
c004c1_0012,0.455292,3.96304e-07,0.0195595,0.000476572,0.00147824,0.00863689,0.0234041,0.49105,5.05985e-05,5.19026e-05,7
c004c1_0020,0.265964,4.11709e-05,0.00624981,0.00786921,0.0456572,0.0224764,0.0948934,0.549707,0.00590807,0.00123394,7
c004c1_0022,0.11031,4.44817e-05,0.00921884,0.00566586,0.0975483,0.0287913,0.0753792,0.665769,0.00632944,0.000943631,7
c004c1_0023,0.282362,9.53661e-06,0.00164845,0.0090254,0.05218,0.022252,0.149523,0.480749,0.00134553,0.000904153,7
c005c1_0028,0.30361,5.45937e-05,0.00385331,0.0984802,0.0481433,0.020807,0.191781,0.298966,0.00328006,0.031024,0
c005c1_0029,0.204443,0.000619324,0.0317387,0.0983464,0.0928319,0.0699264,0.0781438,0.349981,0.00749525,0.0664743,7
c005c1_0039,0.046841,0.00112691,0.0321828,0.103353,0.18289,0.0786076,0.0430991,0.431818,0.0358266,0.0442554,7
c005c1_0052,0.417173,2.12413e-07,0.000260117,0.180051,0.0106885,0.0141828,0.0705286,0.304143,0.000421606,0.00255179,0
d001c1_0123,0.921629,1.14887e-05,0.000320393,0.000656999,0.00361891,0.000722973,0.0687959,0.0040791,3.7023e-05,0.000128178,0
d001c1_0132,0.8716,3.5785e-06,0.000636418,0.00213289,0.0198495,0.00154884,0.0921033,0.0114735,0.000169102,0.000483021,0
d001c1_0134,0.901017,1.58915e-06,0.000163802,0.00147412,0.017777,0.000887902,0.0662901,0.0119263,4.31907e-05,0.000418882,0
d001c1_0137,0.876706,1.29722e-06,5.80693e-05,0.00139204,0.00712685,0.000314453,0.102261,0.0113985,8.85976e-05,0.000653738,0
d001c1_0145,0.889142,1.02435e-08,8.97667e-05,0.010235,0.0764942,0.000273333,0.015055,0.00819562,5.44944e-05,0.000460898,0
d002c1_0031,0.0634482,2.35991e-05,0.0909644,0.219986,0.136294,0.122238,0.181048,0.0894782,0.00990793,0.0866118,3
d002c1_0032,0.0607652,3.86444e-05,0.088396,0.145872,0.123329,0.139273,0.218579,0.081534,0.0166512,0.125563,6
d002c1_0034,0.0283965,1.95198e-07,0.00118656,0.229433,0.553244,0.0283706,0.0418155,0.116911,0.000340099,0.00030319,4
d002c1_0035,0.11295,2.22108e-07,0.00498603,0.153171,0.319666,0.0569378,0.129721,0.210395,0.000315659,0.0118573,4
d002c1_0051,0.0574946,2.80013e-10,0.000537569,0.313534,0.308804,0.0245479,0.211056,0.079771,0.00424218,1.21117e-05,3
d002c1_0053,0.00717387,1.43412e-09,0.000323091,0.453152,0.230181,0.0260925,0.051257,0.230924,0.00088649,9.44379e-06,3
d002c1_0059,0.148157,9.58311e-07,0.00660882,0.0434695,0.6045,0.0147529,0.0486068,0.128807,0.000937403,0.00415967,4
d002c1_0060,0.00254351,3.97524e-08,0.00152701,0.0455648,0.684487,0.0103596,0.00752312,0.247704,0.000145596,0.000144736,4
d002c1_0066,0.0132955,2.86716e-05,0.0480276,0.181314,0.403776,0.0353022,0.15528,0.123311,0.00349638,0.0361687,4
d002c1_0067,0.0138473,6.71529e-06,0.029763,0.144827,0.483774,0.0151728,0.116012,0.178804,0.000590422,0.0172024,4
d002c1_0070,0.00259623,4.6123e-05,0.0131117,0.188375,0.608266,0.00902234,0.0137266,0.161404,0.00131141,0.0021413,4
d002c1_0071,0.0034286,0.000160443,0.00640839,0.0847877,0.666461,0.011646,0.0118295,0.213324,0.00150513,0.0004485,4
d002c1_0072,0.00158909,2.94453e-05,0.00293946,0.045922,0.701399,0.0117274,0.0033393,0.232013,0.000876562,0.000164826,4
d003c1_0022,0.563819,1.83698e-06,0.00584906,0.0446127,0.0598429,0.0198455,0.126223,0.120961,0.0587851,5.89533e-05,0
d003c1_0026,0.437552,2.76562e-07,0.0181148,0.0451068,0.0193284,0.0197627,0.0188501,0.427392,0.0138813,1.09454e-05,0
d003c1_0027,0.56564,5.15705e-07,0.0477878,0.0914945,0.0190041,0.0314987,0.0524272,0.182616,0.0094712,6.06337e-05,0
d003c1_0031,0.842027,2.69024e-08,0.0142257,0.0113813,0.0047506,0.041912,0.0691693,0.0157233,0.000798507,1.28655e-05,0
d003c1_0036,0.990705,3.59576e-11,0.000193974,0.00145819,0.000234103,0.00326492,0.00348101,0.000661055,1.65356e-06,6.28534e-07,0
d003c1_0041,0.615719,3.11621e-13,0.000586014,0.000392073,5.39571e-06,0.139553,0.211276,0.0324565,3.12473e-06,9.56998e-06,0
d003c1_0045,0.329281,1.13436e-08,6.1947e-05,0.00892991,0.00448628,0.00681606,0.597494,0.052887,2.07445e-05,2.29792e-05,6
d003c1_0051,0.943948,2.92863e-08,8.30247e-05,0.0106008,0.0197631,0.00151535,0.0177921,0.0049908,0.00125365,5.35661e-05,0
d003c1_0056,0.962485,2.93673e-08,3.54302e-05,0.0043931,0.0176154,0.000869805,0.00727638,0.00711513,0.000195575,1.44113e-05,0
d003c1_0059,0.62896,5.4637e-07,0.00119525,0.0109694,0.189157,0.0060902,0.0294619,0.12495,0.00912079,9.51386e-05,0
d003c1_0066,0.716696,4.22419e-09,0.000113883,0.00861134,0.235482,0.00165211,0.0190528,0.0180674,0.000273695,5.13693e-05,0
d003c1_0070,0.667033,2.52453e-07,0.000969158,0.00708006,0.179597,0.00112826,0.135451,0.00706707,0.00128039,0.000394776,0
d003c1_0075,0.237145,4.78675e-08,7.21738e-05,0.011147,0.724576,0.000314683,0.0249475,0.00161734,0.000130938,4.93169e-05,4
d003c1_0077,0.437485,2.19326e-07,0.000300364,0.0148284,0.472056,0.000812723,0.0681127,0.00480711,0.00140658,0.000190756,4
d003c1_0078,0.357572,4.00338e-07,0.00033243,0.0187592,0.500226,0.000764348,0.115595,0.00453222,0.00183761,0.000380381,4
d003c1_0082,0.517166,8.20447e-10,2.66402e-05,0.0255867,0.388681,0.00102673,0.0549517,0.0122065,0.000347923,7.16535e-06,0
d003c1_0090,0.0911358,3.00465e-10,8.56021e-06,0.0484883,0.808287,0.000361762,0.047121,0.00449993,9.75606e-05,7.73234e-08,4
d004c1_0051,0.994682,1.11054e-07,0.000105828,0.000141624,3.18055e-05,0.000383658,0.00250223,0.00200071,7.42555e-06,0.000144656,0
d004c1_0059,0.965431,3.31929e-05,0.00504869,0.00300985,0.00165642,0.00387295,0.010376,0.00860242,0.00183296,0.000136767,0
d004c1_0061,0.932572,9.83646e-05,0.0220948,0.00333931,0.00268341,0.00842018,0.0227389,0.00710589,0.000571339,0.00037604,0
d004c1_0064,0.988719,1.70019e-06,5.93571e-05,0.000177225,0.000183354,0.000526465,0.00931695,0.00096154,2.9062e-05,2.51104e-05,0
d004c1_0065,0.99321,3.95887e-06,0.000159641,0.000604897,0.000177145,0.000548529,0.00395484,0.00124571,8.37623e-05,1.18064e-05,0
d004c1_0076,0.363731,0.000190066,0.282868,0.0530779,0.0143974,0.0265013,0.0249888,0.155496,0.00314195,0.075608,0
d004c1_0085,0.324979,0.00132033,0.0441384,0.115189,0.203569,0.0619721,0.0869246,0.129746,0.0150629,0.0170979,0
d004c1_0086,0.413069,0.000244381,0.0459364,0.0859188,0.192061,0.0598751,0.0989618,0.0928967,0.00471411,0.00632228,0
d005c1_0026,0.829447,0.00126573,0.017656,0.00482012,0.00883949,0.0225937,0.0551701,0.0558844,0.00258974,0.00173389,0
d005c1_0028,0.918964,0.000122341,0.00889898,0.0011443,0.00206398,0.00520915,0.032764,0.0298341,0.00068167,0.000317103,0
d005c1_0042,0.727969,0.000496207,0.0245975,0.00705738,0.0267364,0.0328039,0.075121,0.09531,0.00522102,0.0046873,0
d005c1_0044,0.81064,6.12404e-05,0.0183018,0.00406512,0.0166558,0.0119668,0.0696568,0.0641387,0.00104632,0.0034677,0
d005c1_0045,0.920818,1.944e-06,0.0017821,0.00103898,0.00604072,0.00422216,0.0462892,0.018692,0.000110848,0.0010043,0
d005c1_0046,0.969068,1.69348e-06,0.000594816,0.000401965,0.00240846,0.00241793,0.0145737,0.0100378,4.72512e-05,0.000448051,0
d005c1_0051,0.802949,7.90741e-07,8.71893e-05,0.00106735,0.0182366,0.011038,0.0189905,0.146974,0.000201607,0.000454908,0
d005c1_0054,0.308519,9.16045e-06,0.00267835,0.00607867,0.116744,0.0160371,0.0216113,0.526711,0.000631431,0.000979839,7
d005c1_0055,0.667508,2.14927e-06,0.00123539,0.00436482,0.0403387,0.0208049,0.0293954,0.234978,0.000304623,0.00106873,0
d005c1_0056,0.495295,2.82446e-07,0.000120678,0.0116709,0.0628347,0.0625745,0.015354,0.351707,0.000372917,6.98348e-05,0
d005c1_0057,0.15532,2.23562e-06,0.000296399,0.0140946,0.165126,0.0436908,0.0344362,0.586385,0.000300246,0.000348289,7
e001c1_0011,0.940248,8.9992e-08,0.0465831,0.000100485,0.00194441,0.000163681,0.00752217,0.00324019,3.53713e-06,0.000194273,0
e001c1_0021,0.392154,7.77446e-09,0.328952,0.000518291,0.0118352,0.00240604,0.0494177,0.213746,1.72382e-05,0.000954129,0
e001c1_0022,0.255315,1.15577e-08,0.148769,0.000392983,0.00804166,0.0115992,0.0446715,0.527282,3.53307e-05,0.00389426,7
e001c1_0029,0.73066,1.87976e-08,0.028145,4.73223e-05,0.000962729,0.00721451,0.132657,0.0994181,4.81583e-05,0.000847469,0
e001c1_0030,0.752968,4.9989e-09,0.0156191,2.00674e-05,0.000599209,0.00440208,0.0591514,0.167074,1.8913e-06,0.000164438,0
e001c1_0032,0.525948,1.69025e-08,0.0142916,6.0507e-05,0.0014442,0.0285288,0.0205468,0.408891,4.25541e-06,0.000285026,0
e001c1_0034,0.174711,1.92399e-07,0.0331079,0.00023921,0.00103314,0.0589458,0.00445612,0.720466,6.63779e-06,0.00703353,7
e001c1_0040,0.474397,4.21933e-07,0.0688726,0.000655419,0.000468296,0.0908253,0.0155938,0.347643,3.67529e-06,0.00154097,0
e001c1_0042,0.253251,4.31709e-08,0.0422642,0.000463022,8.60454e-05,0.0966167,0.0282199,0.577877,2.12773e-06,0.00121918,7
e001c1_0049,0.852977,1.81627e-08,0.00778811,0.000191438,0.000339243,0.00704387,0.0204006,0.110874,3.45557e-06,0.000382034,0
e001c1_0061,0.989994,5.32754e-10,0.000653873,3.81222e-05,3.49418e-05,0.000321441,0.00589584,0.00304658,6.29585e-07,1.47031e-05,0
e001c1_0063,0.962247,1.40615e-08,0.00245614,0.000297446,0.000263319,0.00251985,0.0146263,0.0160747,6.45329e-06,0.00150832,0
e001c1_0064,0.985065,1.25035e-10,7.83944e-05,9.96953e-05,9.78381e-05,0.000230152,0.00676923,0.00722015,7.02445e-07,0.000438539,0
e001c1_0066,0.995025,1.61963e-11,6.0018e-05,9.53026e-06,9.13656e-06,3.43931e-05,0.00375405,0.00108996,1.30876e-07,1.74185e-05,0
e001c1_0071,0.851683,1.89263e-07,0.0034494,0.00268222,0.00895299,0.0126154,0.0409255,0.0789911,7.48024e-05,0.000624831,0
e001c1_0072,0.781368,2.34471e-07,0.0134704,0.00136881,0.00962967,0.0119816,0.0499623,0.131694,8.37472e-05,0.000441571,0
e001c1_0073,0.957173,6.77537e-09,0.00168727,0.000292966,0.00125054,0.00288464,0.00770478,0.0288709,6.80069e-06,0.000128715,0
e001c1_0081,0.98675,3.63735e-09,0.000594539,5.45784e-05,0.000299574,0.000545948,0.0101321,0.00158592,3.05084e-06,3.42876e-05,0
e001c1_0085,0.969711,1.06061e-09,0.000634397,1.11813e-05,0.000104866,0.000105362,0.028218,0.00121192,3.41154e-06,1.91454e-07,0
e001c1_0087,0.954866,3.56443e-10,0.00033351,1.15998e-05,7.36822e-05,0.000150749,0.0434016,0.00116176,1.33873e-06,2.60849e-07,0
e001c1_0098,0.993793,7.54381e-10,0.000904396,1.51272e-05,3.34494e-05,0.000106483,0.0044254,0.000721882,5.00607e-08,4.06709e-07,0
e001c1_0100,0.992793,6.10089e-10,0.000530576,3.23651e-05,7.14487e-05,0.000121696,0.00541892,0.00103185,2.33356e-07,2.24941e-07,0
e001c1_0102,0.975188,1.31945e-09,0.000236019,4.08123e-05,6.27659e-05,0.000212778,0.0237585,0.000498764,9.06055e-07,1.79868e-06,0
e001c1_0107,0.873512,1.31778e-08,0.00187429,0.000152892,0.000864399,0.000430198,0.122223,0.000881745,6.9243e-06,5.44977e-05,0
e001c1_0110,0.86567,1.07525e-08,0.00144496,0.0001158,0.000632987,0.000233132,0.131067,0.000729978,2.49038e-05,8.14453e-05,0
e002c1_0024,0.598074,1.65884e-06,0.012375,0.00319584,0.00434053,0.0639456,0.111554,0.164136,0.000479909,0.0418975,0
e002c1_0026,0.493685,3.00721e-06,0.0127573,0.00609737,0.00414976,0.100313,0.13736,0.226274,0.00128126,0.0180785,0
e002c1_0031,0.975298,3.07103e-08,0.00231924,0.000137099,0.000484104,0.000515642,0.0146438,0.0053458,5.6124e-05,0.00119989,0
e002c1_0033,0.93896,5.95708e-10,7.64949e-05,0.000407801,0.000333134,0.000120662,0.0569319,0.00208897,0.000728255,0.000352978,0
e002c1_0036,0.978822,8.6933e-10,0.000381826,0.000182483,5.51666e-05,0.000185043,0.0170001,0.00174058,0.00160406,2.89256e-05,0
e002c1_0046,0.920781,7.19006e-09,0.00397316,1.12677e-05,3.05484e-05,0.000309446,0.0614909,0.0111641,0.00223955,2.76346e-07,0
e002c1_0057,0.971242,6.2743e-11,8.34838e-07,1.44009e-05,7.12341e-06,1.97563e-05,0.0284786,0.000145906,8.84962e-05,2.69717e-06,0
e002c1_0058,0.991095,1.00627e-10,5.48139e-07,5.81724e-06,4.03058e-06,1.60556e-05,0.00858794,0.000132577,0.000156983,6.62713e-07,0
e002c1_0061,0.968014,1.69862e-09,1.69255e-05,3.64615e-05,3.52065e-05,2.49731e-05,0.031178,0.000301059,0.000390373,2.81981e-06,0
e002c1_0064,0.680964,4.98659e-07,0.00274503,0.00196725,0.00264211,0.000368862,0.294068,0.00314532,0.0140759,2.40666e-05,0
e002c1_0065,0.312366,5.16939e-08,0.00145204,0.000886669,0.000794655,0.000308586,0.679815,0.00208461,0.00228673,5.78901e-06,6
e002c1_0073,0.783792,2.84296e-09,0.000569192,0.000907801,0.00318822,0.00446469,0.194675,0.0108158,0.00154218,4.49399e-05,0
e002c1_0075,0.802307,3.27344e-09,0.000397606,7.56588e-05,0.000637749,0.000417858,0.18866,0.00469128,0.00281046,2.04943e-06,0
e003c1_0061,0.939933,3.66882e-08,0.0197357,0.00163824,0.00201131,0.0027632,0.0276611,0.00608138,2.1663e-05,0.000154075,0
e003c1_0064,0.842357,1.52314e-07,0.024242,0.00669791,0.00772816,0.0138289,0.0777055,0.026857,0.000192362,0.000391179,0
e003c1_0066,0.768107,7.82779e-09,0.00385175,0.00288543,0.00289808,0.00460695,0.207322,0.010034,0.000169089,0.000125159,0
e003c1_0067,0.779629,1.95142e-07,0.0136287,0.00731243,0.00658633,0.0229986,0.126534,0.0428355,0.000211845,0.000263042,0
e003c1_0074,0.962078,1.35094e-09,0.000887827,0.000461637,0.00278875,0.000573488,0.0300534,0.00311216,3.32116e-05,1.12673e-05,0
e003c1_0075,0.914845,6.25678e-09,0.000797023,0.000876961,0.00537291,0.000981366,0.073182,0.00387274,5.42495e-05,1.79342e-05,0
e003c1_0076,0.944393,3.05282e-09,0.000409949,0.000672904,0.00283642,0.000990583,0.0470391,0.00359749,4.78634e-05,1.23142e-05,0
e003c1_0086,0.629403,1.99215e-09,0.000447441,0.00133883,0.00112703,0.000587404,0.36041,0.00657649,7.73551e-05,3.26488e-05,0
e003c1_0087,0.553395,1.2552e-09,0.000100353,0.00133492,0.000948616,0.00283063,0.435316,0.00598593,6.27485e-05,2.51748e-05,0
e003c1_0091,0.399303,8.40231e-11,3.13861e-05,0.000130758,0.000195396,3.29833e-05,0.599987,0.000303594,1.06114e-05,4.92648e-06,6
e003c1_0093,0.28998,3.50898e-10,0.000106073,0.0001549,0.000446806,4.4471e-05,0.708561,0.000660817,3.98805e-05,6.0262e-06,6
e003c1_0097,0.478022,4.13395e-09,0.000354415,0.000698245,0.00302588,0.000541888,0.510313,0.00682291,0.000193416,2.88889e-05,6
e003c1_0108,0.599508,7.23868e-06,0.0164701,0.000820245,0.00153975,0.000618767,0.377862,0.00279025,0.000274467,0.000109619,0
e003c1_0110,0.800047,1.8331e-06,0.00207729,0.000597148,0.00131918,0.000580567,0.1937,0.00134542,8.61505e-05,0.000246013,0
e003c1_0113,0.76975,1.34673e-05,0.00383673,0.00107238,0.00237529,0.000726499,0.218786,0.00267956,0.000330418,0.000430375,0
e003c1_0124,0.870931,4.78035e-07,0.000470842,9.3018e-05,0.000315283,9.6774e-05,0.127671,0.00034583,2.26124e-05,5.29491e-05,0
e003c1_0135,0.937584,8.75787e-06,0.0019524,0.000500458,0.00130587,0.000190567,0.0564354,0.00183883,7.9267e-05,0.000104307,0
e003c1_0138,0.657968,1.33103e-08,0.0048546,5.34146e-05,0.000200942,0.000104926,0.336354,0.000351253,3.42709e-06,0.00010969,0
e003c1_0141,0.187953,7.17079e-11,0.00121685,2.52428e-06,4.85803e-06,3.51976e-05,0.810662,0.000122438,9.65206e-07,2.88646e-06,6
e004c1_0060,0.56994,1.04506e-07,0.0847581,0.00264284,0.0015489,0.116812,0.16195,0.0623286,5.544e-06,1.4203e-05,0
e004c1_0070,0.132836,8.96273e-07,0.627422,0.00533101,0.000915109,0.153381,0.0054598,0.0714956,9.27315e-06,0.00314877,2
e004c1_0080,0.000132575,2.14078e-08,0.000115033,3.74145e-05,0.000694724,0.00432601,0.000993499,0.993365,2.35337e-07,0.00033496,7
e004c1_0083,0.172201,9.68338e-06,0.00618751,0.00414829,0.0239167,0.0227536,0.113855,0.645752,4.6996e-05,0.0111289,7
e004c1_0085,0.831606,1.01027e-08,0.00420549,9.07994e-05,0.000237727,0.00207222,0.149632,0.0120395,2.54555e-07,0.00011591,0
e004c1_0089,0.235253,1.4834e-09,0.00514247,0.000778896,0.00032343,0.04735,0.673954,0.0330455,7.02228e-07,0.00415289,6
e004c1_0093,0.609591,1.75024e-10,0.000753636,7.11756e-05,0.000101734,0.00141388,0.384161,0.00382088,9.33844e-06,7.7308e-05,0
e004c1_0096,0.395903,1.06279e-09,0.0002119,0.000132782,8.39274e-05,0.000217508,0.602228,0.000759197,3.76117e-06,0.000459744,6
e004c1_0105,0.545532,3.51398e-09,0.000479596,2.0964e-05,4.2206e-06,0.000219943,0.45366,7.52944e-05,8.15224e-06,2.29898e-07,0
e004c1_0113,0.490881,4.11627e-09,0.00313069,0.000651216,0.000449283,0.00466061,0.494535,0.00548825,7.55903e-05,0.000128853,6
e004c1_0116,0.323908,9.28411e-09,0.0187645,0.000157188,7.9321e-05,0.00123145,0.65516,0.000692421,2.86361e-06,3.56488e-06,6
e005c1_0008,0.190237,3.09264e-09,0.00140301,0.00242743,0.0066714,0.0370398,0.0513264,0.710724,6.75267e-06,0.000164149,7
e005c1_0013,0.578824,2.32814e-10,0.0326044,0.00538638,0.0175243,0.012998,0.0406504,0.311013,2.10407e-06,0.000997952,0
e005c1_0015,0.729303,1.86548e-10,0.0441649,0.00217732,0.00383292,0.00622468,0.0428147,0.171086,1.43752e-06,0.00039459,0
e005c1_0021,0.0297391,5.20464e-09,0.223063,0.000366746,0.001429,0.0044419,0.0713213,0.669414,1.44446e-06,0.000223477,7
e005c1_0031,0.780039,8.82853e-12,0.0167842,0.00107707,0.00259913,0.012405,0.080329,0.106745,3.87543e-07,2.08409e-05,0
e005c1_0033,0.661776,2.59862e-10,0.0688466,0.00290485,0.00214052,0.0249124,0.0869268,0.152456,2.54382e-06,3.42959e-05,0
e005c1_0046,0.276287,6.17442e-08,0.0342501,0.00150765,0.0057001,0.0638035,0.0971836,0.521181,2.66754e-05,6.0942e-05,7
f001c1_0039,0.0137329,1.62664e-09,1.13982e-05,0.000201341,0.00475661,2.70924e-05,0.974517,0.00662955,0.000123192,1.39417e-06,6
f001c1_0043,0.0430971,1.08986e-05,0.0209796,0.0368868,0.129151,0.00294477,0.395043,0.309588,0.0622838,1.56693e-05,6
f001c1_0071,0.142584,9.45165e-06,0.266814,0.00371557,0.0522421,0.00611786,0.124342,0.0758086,0.328041,0.000324203,8
f001c1_0076,0.0298265,2.57196e-08,0.0605924,0.0110907,0.0698416,0.0821098,0.000993581,0.708611,0.0368094,0.000124798,7
f001c1_0080,0.0550608,1.55651e-05,0.0119892,0.0188927,0.0499958,0.00779071,0.190483,0.0932004,0.572534,3.78589e-05,8
f001c1_0082,0.289452,3.41005e-06,0.0215252,0.00341081,0.0231927,0.00118432,0.441507,0.0661948,0.153528,2.82355e-06,6
f005c1_0016,0.867132,6.42618e-08,8.17184e-08,2.696e-05,1.04704e-05,0.000229924,0.132444,0.000139173,1.44208e-05,2.93215e-06,0
f005c1_0025,0.944707,6.87237e-07,3.06538e-06,1.13562e-05,0.00352796,6.90514e-05,0.0514331,0.000246096,1.41552e-06,6.70292e-09,0
f005c1_0030,0.891268,1.35377e-06,0.0646024,0.000680208,0.00191522,0.00149784,0.0356602,0.00435774,1.71443e-05,2.10003e-10,0
f005c1_0032,0.886296,2.5596e-09,0.000243229,1.41116e-05,7.21251e-05,1.44278e-06,0.113337,3.56328e-05,1.5665e-07,1.3092e-10,0
f005c1_0043,0.696762,3.50648e-07,0.0635518,0.000106026,0.000886829,9.45802e-05,0.235689,0.00278178,0.000127588,1.83968e-09,0
f005c1_0049,0.686135,6.87937e-09,0.00933612,5.35243e-05,0.00107484,2.82047e-05,0.300792,0.00229043,0.000290295,1.7634e-09,0
f005c1_0050,0.786286,4.637e-09,0.0279386,8.57342e-05,0.000955032,3.07093e-05,0.178266,0.00636337,7.44523e-05,6.80401e-10,0
f005c1_0054,0.731233,1.69341e-09,0.0071296,3.61714e-05,0.000760578,3.06737e-05,0.259269,0.0013644,0.000176309,2.01902e-09,0
f005c1_0055,0.565315,1.19575e-09,0.00251664,4.34679e-05,0.00100839,3.30097e-05,0.429491,0.00146935,0.00012301,5.35302e-09,0
f005c1_0056,0.571411,2.30907e-10,0.000243833,1.02222e-05,9.812e-05,4.65669e-06,0.428059,0.000110979,6.2167e-05,3.8656e-10,0
f005c1_0064,0.60737,1.43578e-09,0.0011258,2.46221e-05,0.00021834,6.44068e-06,0.390945,0.000197748,0.000111576,8.73359e-10,0
f005c1_0065,0.598421,1.7188e-09,0.00157694,2.74323e-05,0.000147928,1.13809e-05,0.399247,0.000448806,0.000119363,6.28281e-10,0
h001c1_0095,0.992228,1.42937e-09,2.56465e-06,1.47352e-06,3.018e-06,7.01644e-06,0.00767173,8.56304e-05,2.09425e-08,1.35883e-07,0
h001c1_0096,0.983864,8.54961e-11,2.23043e-06,6.27101e-07,8.60699e-07,4.33563e-06,0.0161162,1.16489e-05,6.17969e-09,6.16814e-08,0
h001c1_0105,0.989691,1.73917e-09,6.62421e-05,8.77654e-09,1.31182e-06,0.000175616,0.0050041,0.00506217,6.07919e-10,9.47953e-09,0
h001c1_0108,0.97763,5.14423e-07,2.80438e-05,6.08492e-07,6.38552e-05,0.000188262,0.0205214,0.00156692,1.46904e-07,3.85071e-07,0
h001c1_0110,0.920679,1.4376e-07,7.59303e-06,1.86228e-06,0.000109771,0.000518082,0.0709507,0.00770548,4.72274e-07,2.71123e-05,0
h001c1_0114,0.969301,8.2592e-07,6.27611e-06,1.59731e-05,0.000114182,0.00105046,0.0156028,0.0138974,1.05014e-06,1.0041e-05,0
h001c1_0119,0.944525,1.85769e-06,1.74366e-05,1.73654e-06,9.46155e-06,0.000167819,0.0540829,0.00116786,4.87771e-07,2.50291e-05,0
h001c1_0123,0.978475,2.26204e-07,0.000811419,4.08718e-05,2.13844e-05,0.000330962,0.016944,0.00337578,3.64563e-07,4.18924e-08,0
h001c1_0124,0.995097,3.89101e-10,1.0898e-05,4.36928e-06,4.29646e-06,1.4866e-05,0.00482164,4.66322e-05,1.27863e-08,2.29266e-07,0
h001c1_0127,0.9643,2.54337e-08,0.000676416,8.32307e-06,7.39005e-06,0.000275718,0.0265796,0.00815204,9.38109e-09,3.44396e-08,0
h001c1_0129,0.997383,6.08627e-11,0.000144908,6.66007e-07,1.84244e-06,7.3737e-05,0.00178776,0.000607903,3.98179e-10,8.98495e-09,0
h001c1_0130,0.998956,1.15131e-10,2.4614e-06,2.09053e-07,3.41229e-07,2.04532e-05,0.000829101,0.000191436,7.05948e-11,1.20262e-08,0
h001c1_0132,0.989872,1.23514e-09,0.000166779,6.87181e-07,4.76961e-06,4.16242e-05,0.00437581,0.00553847,1.70985e-09,3.60799e-09,0
h001c1_0141,0.987415,7.26632e-11,4.85459e-07,3.528e-06,3.00579e-07,3.33305e-07,0.0124412,9.76419e-05,1.7647e-09,4.1652e-05,0
h001c1_0154,0.650565,9.89534e-09,0.000137354,0.0514469,0.111403,0.0228421,0.011108,0.152452,4.4758e-05,6.76375e-07,0
h001c1_0161,0.0776192,0.0030912,0.00298986,0.0396409,0.124977,0.0207603,0.537313,0.139269,0.0537742,0.000565257,6
h001c1_0163,0.00633306,0.00433254,0.000422803,0.089839,0.115541,0.00708459,0.547015,0.143072,0.0857306,0.000629671,6
h001c1_0164,0.0606438,0.0112449,0.000516372,0.0528727,0.0997686,0.0151793,0.494333,0.247044,0.0169728,0.00142427,6
h003c1_0003,0.0498199,0.000437424,0.00079269,0.0625317,0.371348,0.0325511,0.228874,0.120579,0.132945,0.000121286,4
h003c1_0004,0.00296612,0.000182337,0.000246232,0.0991177,0.464959,0.0285813,0.0875849,0.294773,0.0153877,0.00620205,4
h003c1_0006,0.0430248,7.71279e-05,0.00847005,0.184513,0.359063,0.0353305,0.150171,0.11537,0.103119,0.000862663,4
h003c1_0008,0.100639,1.1403e-05,0.0006549,0.0846,0.355641,0.00376739,0.372984,0.015592,0.0660732,3.79011e-05,6
h003c1_0011,0.2959,2.66809e-06,0.000138855,0.0464587,0.195608,0.00126806,0.442625,0.00689533,0.0111025,1.64797e-06,6
h003c1_0020,0.0118165,1.65584e-06,0.00291115,0.203411,0.126575,0.00984798,0.605463,0.012079,0.0278859,8.60265e-06,6
h003c1_0022,0.0371117,6.36966e-06,0.00750545,0.168881,0.223369,0.0125819,0.497575,0.0178327,0.0351169,2.06062e-05,6
h003c1_0024,0.0422823,1.79717e-05,0.0325215,0.146871,0.267443,0.0159922,0.436035,0.0256462,0.0331418,4.88742e-05,6
h003c1_0029,0.0354638,2.02017e-06,0.00131213,0.0338713,0.121413,0.00506929,0.745473,0.0056267,0.0517569,1.12218e-05,6
h003c1_0030,0.0101434,7.67716e-07,0.00155638,0.0380442,0.0565319,0.00346714,0.850448,0.00300666,0.0367932,7.81695e-06,6
h003c1_0039,0.00422724,1.10294e-08,0.000376226,0.0367148,0.0381161,0.00496586,0.875617,0.00178333,0.038192,7.47445e-06,6
h003c1_0069,0.060407,0.000158149,0.00273891,0.179146,0.38635,0.00409742,0.304431,0.0593462,0.00330494,2.06166e-05,4
h003c1_0073,0.018825,0.000294955,0.0025358,0.236577,0.517066,0.00253942,0.189105,0.0299314,0.00310704,1.79716e-05,4
h003c1_0082,0.117173,0.000254459,0.000774757,0.0797697,0.284639,0.00486861,0.475816,0.0192763,0.0173587,6.91915e-05,6
h003c1_0087,0.00882753,5.13691e-05,7.86203e-05,0.175421,0.578443,0.000714832,0.210495,0.00751587,0.0184516,6.94705e-07,4
h003c1_0090,0.0349654,1.25353e-05,6.51572e-05,0.140755,0.243835,0.00381622,0.55042,0.0174062,0.00871993,3.68871e-06,6
h004c1_0002,0.0178918,3.53765e-06,0.00464695,0.00031507,0.225435,0.0586564,0.000554286,0.692487,9.85652e-06,4.52059e-12,7
h004c1_0006,0.122729,0.000112278,0.0782473,0.00131976,0.0251584,0.163673,0.00844506,0.599889,0.000426495,2.35757e-10,7
h004c1_0020,0.00139546,1.10563e-08,3.51141e-07,3.05395e-05,0.564763,0.00180478,6.07037e-06,0.431992,7.66527e-06,1.92532e-17,4
h004c1_0028,0.00107543,7.18891e-10,2.46164e-05,8.63384e-05,0.196019,0.00307168,1.21818e-05,0.799702,8.77004e-06,1.9762e-14,7
h004c1_0034,0.01143,1.8007e-08,0.000152716,0.000838157,0.479449,0.00702692,9.0248e-05,0.500994,1.93162e-05,6.14122e-13,7
h004c1_0036,0.0375378,3.47432e-08,0.000109257,0.00044018,0.454643,0.0081682,7.77936e-05,0.498997,2.64941e-05,1.44472e-13,7
h004c1_0037,0.043342,9.85319e-09,7.94235e-05,0.000460827,0.589044,0.00648344,7.53781e-05,0.36048,3.50612e-05,5.60426e-14,4
h004c1_0038,0.0868397,1.80018e-08,0.000175153,0.00069161,0.466653,0.0118826,7.66398e-05,0.43365,3.12547e-05,3.95282e-13,4
h004c1_0043,0.0565569,6.13848e-09,8.00881e-05,0.000353809,0.390176,0.00954734,4.26854e-05,0.543217,2.59035e-05,1.5036e-13,7
h004c1_0045,0.0201211,3.46585e-08,5.53553e-05,0.000155557,0.179386,0.00863848,2.47759e-05,0.791608,1.05384e-05,4.0119e-14,7
h004c1_0046,0.0299242,6.98723e-09,1.73851e-05,0.000114021,0.130415,0.00647992,1.28553e-05,0.833011,2.56346e-05,4.12223e-15,7
h004c1_0050,0.00360572,1.03425e-07,7.15687e-06,2.46608e-05,0.131469,0.00598738,1.86413e-05,0.858875,1.21554e-05,7.93745e-16,7
h004c1_0051,0.00182136,1.86304e-08,1.91814e-05,4.19174e-05,0.41766,0.00143678,7.83882e-06,0.579,1.27048e-05,6.392e-17,7
h004c1_0056,0.00173178,3.67293e-08,9.72088e-05,3.31415e-05,0.524573,0.00198895,5.39106e-05,0.471493,2.86257e-05,1.14066e-17,4
h004c1_0063,0.174572,4.45834e-08,4.25584e-05,0.000176337,0.320092,0.00169555,0.000238379,0.503174,8.63072e-06,1.26451e-14,7
h004c1_0068,0.323502,1.19771e-06,0.000308125,0.00188738,0.475635,0.0013067,0.00111722,0.196225,1.73427e-05,7.34332e-13,4
i001c1_0011,0.143373,5.4762e-08,1.05241e-08,7.96815e-06,8.10902e-05,0.000236167,0.850254,0.00603398,9.40151e-06,3.62458e-06,6
i001c1_0019,0.391641,3.6558e-05,8.58564e-08,3.51366e-05,0.000521525,0.000576766,0.594603,0.0125148,3.62526e-05,3.50251e-05,6
i002c1_0007,0.493002,0.000107981,3.13013e-09,0.000242232,3.05577e-05,0.118468,6.21067e-05,0.388087,1.01291e-07,1.10789e-07,0
i002c1_0016,0.880698,1.34721e-06,3.45866e-11,2.106e-05,7.15737e-06,0.0403138,0.000156794,0.078802,5.55218e-08,1.63591e-09,0
i002c1_0018,0.903207,3.04309e-06,4.39516e-09,4.11472e-05,6.94752e-06,0.0181854,0.00137298,0.0771833,1.87954e-08,1.50638e-07,0
i002c1_0019,0.80639,1.1239e-06,1.85682e-10,0.000206337,8.63921e-06,0.034452,0.000241381,0.1587,1.10915e-07,7.08265e-09,0
i002c1_0022,0.983401,2.19944e-07,2.22357e-10,2.89913e-05,6.72486e-07,0.00384583,0.000431554,0.0122921,1.7891e-08,9.2838e-08,0
i002c1_0025,0.88952,8.01941e-08,2.8752e-14,2.74777e-06,1.13332e-06,0.0746243,1.25286e-06,0.0358509,1.03017e-08,1.51894e-11,0
i002c1_0027,0.95335,3.23113e-07,5.51989e-14,9.65704e-06,4.71562e-07,0.0274555,7.61809e-06,0.0191759,1.34458e-09,1.63068e-10,0
i002c1_0029,0.997822,6.17086e-10,8.40423e-16,1.15578e-06,1.06987e-07,0.00114098,1.12707e-07,0.00103562,7.1411e-10,3.55234e-13,0
i002c1_0030,0.984595,1.56531e-09,8.93054e-15,1.36111e-06,6.69177e-08,0.0064003,3.93205e-07,0.00900327,8.01455e-10,4.96981e-11,0
i002c1_0035,0.998525,2.83661e-11,3.28578e-13,4.36583e-09,1.71612e-10,0.000624887,8.75645e-06,0.000841671,2.69832e-11,1.00844e-08,0
i002c1_0036,0.998653,4.02391e-12,1.79984e-17,2.36537e-09,5.4807e-10,0.00048982,1.3313e-08,0.000857093,9.93253e-12,1.00505e-12,0
i003c1_0142,0.948113,1.19774e-10,9.351e-08,2.72262e-08,6.53056e-07,1.58205e-07,0.0518635,2.2477e-05,1.8962e-08,6.68187e-13,0
i003c1_0152,0.957959,9.3439e-08,1.61419e-09,1.16279e-05,1.47857e-05,0.000366706,0.00230956,0.0393379,2.39e-09,3.69222e-07,0
i003c1_0153,0.675013,2.49619e-08,2.54586e-10,1.79792e-05,2.46036e-05,0.00341646,6.87612e-05,0.321459,2.51692e-10,2.82784e-08,0
i003c1_0156,0.987039,2.5231e-08,6.38817e-09,5.26523e-06,1.07064e-05,4.26702e-05,0.00392772,0.00897426,3.63213e-09,5.08168e-08,0
i003c1_0170,0.596909,2.51531e-07,0.00520819,0.000166871,0.00925295,0.00803397,0.375025,0.00529332,5.52738e-05,5.50652e-05,0
i003c1_0181,0.259306,3.34673e-08,0.000738056,5.04831e-05,0.00017822,0.00583841,0.724725,0.00915607,7.90081e-06,1.06468e-09,6
i003c1_0183,0.0672216,2.60542e-08,4.88288e-05,7.04237e-06,0.000236853,0.00124382,0.92935,0.00189162,1.34753e-07,1.99746e-09,6
i003c1_0184,0.149652,1.99195e-08,0.00035093,2.31479e-05,0.000662141,0.0126355,0.816841,0.0198344,1.04861e-06,4.10906e-08,6
i003c1_0185,0.0710652,4.88456e-09,0.000116245,5.69052e-06,0.000137611,0.000874662,0.926058,0.00174161,4.81148e-07,7.60694e-08,6
i003c1_0187,0.0981212,5.57442e-11,4.15199e-05,5.14084e-06,8.5821e-05,0.000292409,0.897448,0.0040035,4.4843e-07,2.42825e-06,6
i003c1_0192,0.0777205,1.27724e-09,0.00153749,9.56382e-06,0.00195086,0.000622331,0.916619,0.00153276,4.42882e-06,3.51775e-06,6
i003c1_0194,0.0590302,1.004e-10,0.00025103,1.31824e-05,0.000921919,0.00214184,0.935144,0.00249023,2.28412e-06,5.00165e-06,6
i003c1_0195,0.0285899,1.08279e-10,0.000289196,4.6479e-05,0.00472534,0.00292166,0.955292,0.008103,2.3771e-05,8.44195e-06,6
i003c1_0198,0.210934,2.37444e-10,0.000161941,7.49843e-05,0.00808265,0.00138607,0.770058,0.00896648,0.000274323,6.16475e-05,6
i003c1_0199,0.360729,1.31628e-09,5.57499e-05,3.07241e-05,0.00235468,0.00134817,0.630931,0.00441445,7.988e-05,5.57793e-05,6
i003c1_0202,0.0857367,7.82579e-10,1.76992e-05,7.35297e-06,0.000734669,0.000279552,0.910824,0.00234841,1.94975e-05,3.1907e-05,6
i003c1_0206,0.556121,3.52725e-10,2.77881e-05,5.16928e-06,0.000103125,0.000114147,0.442003,0.00152512,2.42937e-05,7.62847e-05,0
i003c1_0208,0.914776,9.73616e-13,3.73397e-07,1.80049e-07,9.76167e-07,1.03785e-06,0.0851966,1.95718e-05,2.063e-06,2.73291e-06,0
i003c1_0210,0.93464,1.58839e-12,2.40517e-06,7.93423e-08,5.24859e-07,7.04638e-06,0.0653003,4.69952e-05,2.03309e-06,2.54801e-07,0
i003c1_0211,0.962294,1.42192e-14,8.95727e-07,7.27656e-09,9.54544e-08,1.70691e-06,0.0376984,4.58224e-06,9.15854e-08,2.7865e-08,0
i003c1_0213,0.930187,1.86124e-12,2.60888e-05,1.03344e-08,6.84845e-07,1.53471e-06,0.0697701,1.39263e-05,1.76651e-07,3.04869e-08,0
i003c1_0214,0.909591,4.36099e-13,1.5952e-05,1.33457e-08,4.01932e-07,5.8561e-07,0.0903814,1.07724e-05,5.12772e-08,1.8735e-08,0
